-3.072421550750732422e-01
-1.156652495265007019e-01
3.521762490272521973e-01
-3.025206923484802246e-01
-2.233208864927291870e-01
2.764058411121368408e-01
3.269844353199005127e-01
-4.473701119422912598e-01
3.214347660541534424e-01
-2.352607101202011108e-01
-2.151536792516708374e-01
-2.992049157619476318e-01
-3.867207467555999756e-01
-7.799281179904937744e-02
1.828952729701995850e-01
1.220554038882255554e-01
1.235220581293106079e-01
1.771344840526580811e-01
3.387881815433502197e-01
2.960226237773895264e-01
-3.723705410957336426e-01
2.203036844730377197e-02
-2.628327310085296631e-01
4.247553050518035889e-01
-2.020308375358581543e-01
-4.095167815685272217e-01
3.936853110790252686e-01
2.347949743270874023e-01
-2.330275624990463257e-01
-2.047165036201477051e-01
3.576878607273101807e-01
2.026835083961486816e-01
6.912920624017715454e-02
-1.604141294956207275e-01
3.405595123767852783e-01
-3.244227170944213867e-01
8.263806998729705811e-02
-3.167590796947479248e-01
-5.673651769757270813e-02
8.324873447418212891e-02
3.285557329654693604e-01
-2.286043018102645874e-02
-1.379438191652297974e-01
-1.725189238786697388e-01
-1.082749962806701660e-01
-1.998340934514999390e-01
2.999224513769149780e-02
-6.526544690132141113e-02
-2.972044050693511963e-01
-1.874104738235473633e-01
1.040459945797920227e-01
-2.456533312797546387e-01
-2.498234994709491730e-02
-2.648673653602600098e-01
-2.354301512241363525e-01
3.177465498447418213e-01
7.813993841409683228e-02
-2.854296565055847168e-01
-2.597399353981018066e-01
-2.312178313732147217e-01
-5.741384625434875488e-02
2.126300334930419922e-01
-1.034526154398918152e-01
2.053321450948715210e-01
7.130120694637298584e-02
-1.706219464540481567e-01
-1.733463555574417114e-01
-1.744327992200851440e-01
-1.071478202939033508e-01
2.534801065921783447e-01
-1.586198657751083374e-01
3.810670375823974609e-01
-1.426191627979278564e-01
-2.295337468385696411e-01
-3.190717995166778564e-01
-2.176839709281921387e-01
2.082085162401199341e-01
-3.214179575443267822e-01
-3.031729757785797119e-01
9.498430415987968445e-03
4.026590287685394287e-01
4.529188573360443115e-01
