5.377529263496398926e-01
5.509055852890014648e-01
3.844174742698669434e-01
4.416364431381225586e-01
4.421829581260681152e-01
4.705161750316619873e-01
5.380613803863525391e-01
5.487309694290161133e-01
4.387664794921875000e-01
3.902089595794677734e-01
3.741191625595092773e-01
4.671432673931121826e-01
5.838544964790344238e-01
5.560970902442932129e-01
5.283463597297668457e-01
5.217909216880798340e-01
5.185524821281433105e-01
5.278868079185485840e-01
5.437285304069519043e-01
5.367891788482666016e-01
4.419263303279876709e-01
5.524327754974365234e-01
4.785951375961303711e-01
4.677737951278686523e-01
4.835427701473236084e-01
4.559510946273803711e-01
4.200034141540527344e-01
3.544830083847045898e-01
3.654827773571014404e-01
3.735059201717376709e-01
3.279958963394165039e-01
3.078806102275848389e-01
2.831144630908966064e-01
2.565095126628875732e-01
2.400390356779098511e-01
2.174019068479537964e-01
